#Timestep	Conc
0.000000667	0.000000000 
0.000001333	0.000033307 
0.000002000	0.000099773 
0.000002666	0.000199249 
0.000003333	0.000331588 
0.000003999	0.000496643 
0.000004665	0.000694270 
0.000005331	0.000924323 
0.000005997	0.001186658 
0.000006663	0.001481131 
0.000007329	0.001807601 
0.000007995	0.002165924 
0.000008661	0.002555961 
0.000009326	0.002977571 
0.000009992	0.003430614 
0.000010657	0.003914951 
0.000011323	0.004430444 
0.000011988	0.004976956 
0.000012654	0.005554350 
0.000013319	0.006162490 
0.000013984	0.006801241 
0.000014649	0.007470468 
0.000015314	0.008170038 
0.000015979	0.008899816 
0.000016644	0.009659672 
0.000017309	0.010449472 
0.000017973	0.011269087 
0.000018638	0.012118385 
0.000019303	0.012997237 
0.000019967	0.013905513 
0.000020632	0.014843086 
0.000021296	0.015809828 
0.000021960	0.016805611 
0.000022625	0.017830310 
0.000023289	0.018883798 
0.000023953	0.019965950 
0.000024617	0.021076643 
0.000025281	0.022215751 
0.000025945	0.023383153 
0.000026609	0.024578725 
0.000027273	0.025802346 
0.000027936	0.027053894 
0.000028600	0.028333249 
0.000029264	0.029640291 
0.000029927	0.030974899 
0.000030591	0.032336957 
0.000031254	0.033726344 
0.000031918	0.035142944 
0.000032581	0.036586640 
0.000033244	0.038057315 
0.000033907	0.039554854 
0.000034570	0.041079141 
0.000035234	0.042630061 
0.000035897	0.044207501 
0.000036559	0.045811347 
0.000037222	0.047441487 
0.000037885	0.049097807 
0.000038548	0.050780196 
0.000039211	0.052488544 
0.000039873	0.054222738 
0.000040536	0.055982670 
0.000041198	0.057768230 
0.000041861	0.059579309 
0.000042523	0.061415798 
0.000043186	0.063277589 
0.000043848	0.065164576 
0.000044510	0.067076651 
0.000045172	0.069013709 
0.000045835	0.070975642 
0.000046497	0.072962347 
0.000047159	0.074973719 
0.000047821	0.077009653 
0.000048483	0.079070046 
0.000049145	0.081154795 
0.000049806	0.083263796 
0.000050468	0.085396949 
0.000051130	0.087554152 
0.000051792	0.089735302 
0.000052453	0.091940301 
0.000053115	0.094169047 
0.000053776	0.096421442 
0.000054438	0.098697385 
0.000055099	0.100996780 
0.000055760	0.103319526 
0.000056422	0.105665528 
0.000057083	0.108034687 
0.000057744	0.110426907 
0.000058405	0.112842092 
0.000059067	0.115280146 
0.000059728	0.117740974 
0.000060389	0.120224481 
0.000061050	0.122730573 
0.000061711	0.125259156 
0.000062371	0.127810136 
0.000063032	0.130383422 
0.000063693	0.132978919 
0.000064354	0.135596536 
0.000065015	0.138236182 
0.000065675	0.140897766 
0.000066336	0.143581196 
0.000066996	0.146286382 
0.000067657	0.149013236 
0.000068317	0.151761667 
0.000068978	0.154531586 
0.000069638	0.157322905 
0.000070299	0.160135536 
0.000070959	0.162969391 
0.000071619	0.165824383 
0.000072279	0.168700425 
0.000072939	0.171597431 
0.000073600	0.174515315 
0.000074260	0.177453991 
0.000074920	0.180413374 
0.000075580	0.183393380 
0.000076240	0.186393923 
0.000076900	0.189414921 
0.000077560	0.192456289 
0.000078219	0.195517945 
0.000078879	0.198599805 
0.000079539	0.201701788 
0.000080199	0.204823812 
0.000080858	0.207965794 
0.000081518	0.211127654 
0.000082178	0.214309312 
0.000082837	0.217510686 
0.000083497	0.220731696 
0.000084156	0.223972264 
0.000084816	0.227232310 
0.000085475	0.230511754 
0.000086135	0.233810519 
0.000086794	0.237128527 
0.000087453	0.240465699 
0.000088113	0.243821958 
0.000088772	0.247197228 
0.000089431	0.250591431 
0.000090090	0.254004491 
0.000090749	0.257436333 
0.000091409	0.260886881 
0.000092068	0.264356059 
0.000092727	0.267843793 
0.000093386	0.271350008 
0.000094045	0.274874630 
0.000094704	0.278417585 
0.000095363	0.281978800 
0.000096021	0.285558202 
0.000096680	0.289155718 
0.000097339	0.292771275 
0.000097998	0.296404801 
0.000098657	0.300056225 
0.000099315	0.303725476 
0.000099974	0.307412481 
0.000105243	0.337539281 
0.000110509	0.368762497 
0.000116433	0.405156642 
0.000122354	0.442848362 
0.000128931	0.486195296 
0.000135506	0.531029676 
0.000142737	0.581998179 
0.000149966	0.634626506 
0.000157850	0.693852059 
0.000166391	0.760052782 
0.000174930	0.828275936 
0.000184125	0.903898731 
0.000193977	0.987273871 
0.000203830	1.072952737 
0.000214340	1.166744111 
0.000225510	1.268959263 
0.000237340	1.379892854 
0.000249832	1.499820262 
0.000262331	1.622468289 
0.000275495	1.754316689 
0.000289327	1.895582577 
0.000303830	2.046460395 
0.000319668	2.214170731 
0.000336186	2.392056398 
0.000353388	2.580224527 
0.000371280	2.778757683 
0.000389867	2.987714763 
0.000409821	3.214749131 
0.000430486	3.452448955 
0.000452538	3.708594952 
0.000475322	3.975504960 
0.000499519	4.261067949 
0.000525146	4.565404414 
0.000551545	4.880471785 
0.000579408	5.214279683 
0.000608758	5.566818695 
0.000639619	5.938034880 
0.000672018	6.327832528 
0.000705983	6.736077242 
0.000741546	7.162599202 
0.000778740	7.607196516 
0.000818311	8.078054410 
0.000859597	8.566522387 
0.000902642	9.072305154 
0.000948217	9.603520410 
0.000995656	10.151396366 
0.001045750	10.723990877 
0.001098577	11.320890555 
0.001154219	11.941646870 
0.001212001	12.577427935 
0.001272763	13.236139634 
0.001336605	13.917265476 
0.001403634	14.620268658 
0.001473963	15.344595241 
0.001547712	16.089676971 
0.001625839	16.863050210 
0.001707677	17.655905212 
0.001793372	18.467635233 
0.001883081	19.297627469 
0.001977853	20.153155362 
0.002077012	21.025579306 
0.002181664	21.922028136 
0.002291126	22.833966471 
0.002406571	23.768370864 
0.002527309	24.716821516 
0.002654585	25.686133953 
0.002787705	26.668012680 
0.002927996	27.669103104 
0.003074761	28.681241231 
0.003229417	29.710893573 
0.003391268	30.750034243 
0.003561833	31.804942872 
0.003740416	32.867738306 
0.003927442	33.937692082 
0.004124612	35.020793437 
0.004331233	36.109393188 
0.004547826	37.202738776 
0.004776313	38.306517180 
0.005016010	39.413326752 
0.005267560	40.522393265 
0.005531653	41.632937141 
0.005809025	42.744173789 
0.006100465	43.855313958 
0.006406818	44.965564085 
0.006727272	46.068373381 
0.007064388	47.168899573 
0.007419194	48.266341073 
0.007790880	49.354449867 
0.008182393	50.438071966 
0.008592924	51.511166654 
0.009023574	52.573242323 
0.009475512	53.623808748 
0.009949981	54.662377130 
0.010448301	55.688460126 
0.010971875	56.701571885 
0.011522192	57.701228087 
0.012100829	58.686945990 
0.012706625	59.653862757 
0.013343947	60.606095612 
0.014011566	61.539000036 
0.014714263	62.456483514 
0.015450729	63.354120248 
0.016226189	64.235608857 
0.017039234	65.096743131 
0.017891744	65.937380796 
0.018789652	66.760910618 
0.019731331	67.563458373 
0.020718875	68.344895279 
0.021758971	69.108308300 
0.022849674	69.850161440 
0.023993242	70.570348704 
0.025197130	71.271668798 
0.026458927	71.950934962 
0.027786591	72.610765103 
0.029177299	73.248214798 
0.030639480	73.865732914 
0.032176169	74.463003839 
0.033790368	75.039741128 
0.035485027	75.595691594 
0.037263006	76.130639620 
0.039127050	76.644411604 
0.041087524	77.138754920 
0.043147725	77.613300988 
0.045310756	78.067744466 
0.047579475	78.501849204 
0.049965451	78.916944622 
0.052471865	79.312672947 
0.055101533	79.688772100 
0.057856861	80.045081238 
0.060750034	80.382678597 
0.063793971	80.702416189 
0.066991410	81.003978439 
0.070344479	81.287194128 
0.073866090	81.552851854 
0.077569620	81.801594843 
0.081456824	82.033277775 
0.085540916	82.248537931 
0.089822833	82.447388775 
0.094315416	82.630510032 
0.099031615	82.798530094 
0.103984404	82.952047828 
0.109186708	83.091651756 
0.114651343	83.217936114 
0.120390963	83.331513405 
0.126418035	83.433023165 
0.132744816	83.523136818 
0.139383358	83.602558706 
0.146359756	83.672152790 
0.153685998	83.732612462 
0.161373881	83.784665318 
0.169449549	83.829132548 
0.177924777	83.866730376 
0.186825870	83.898228974 
0.196179316	83.924351701 
